6 0 33 20 34 16 4 5 23 31 32 21 31 10 14 19 14 5 15 34 34 23 24 17 25 34 29 3 29 19 5 33 21 0 24 21
15 34 26 8 26 20 20 15 30 28 22 30 13 5 9 3 4 24 3 1 26 4 2 17 3 18 29 10 3 29 25 25 22 22 1 2
32 16 1 5 33 28 28 7 16 21 25 22 17 20 20 14 15 19 28 24 25 5 18 6 35 35 22 22 6 23 7 10 25 24 13 34
11 33 2 18 21 3 15 8 2 14 14 29 26 15 2 6 23 10 25 3 34 13 9 32 15 15 4 2 12 33 28 5 30 7 19 26
0 16 11 31 18 23 5 22 15 8 24 8 26 13 18 30 8 13 18 27 30 27 11 0 9 0 2 9 11 17 8 4 19 4 8 28
6 28 13 13 34 25 31 24 8 17 4 12 28 14 35 29 7 29 5 32 0 23 30 20 27 2 19 14 35 1 20 15 2 21 6 30
18 3 23 3 6 3 20 15 21 19 9 14 20 20 20 19 8 6 27 5 35 10 25 1 21 20 35 7 10 3 6 24 33 3 4 10
10 4 11 9 1 35 24 18 24 21 20 16 1 34 17 29 19 22 0 34 12 2 8 19 14 27 35 23 32 15 9 18 21 7 7 1
23 5 17 24 30 35 18 26 5 7 26 35 23 35 5 20 4 16 13 9 34 1 17 25 6 11 20 18 25 24 20 31 33 10 29 5
8 35 25 29 22 31 27 1 4 27 13 6 10 2 18 8 0 2 33 31 26 20 12 20 22 32 23 7 34 26 16 30 28 28 21 2
13 29 32 16 35 27 12 5 28 10 12 29 2 14 5 11 3 19 22 17 20 2 10 11 2 2 6 7 35 1 3 26 25 6 19 13
2 2 29 32 17 24 31 32 10 1 14 18 13 31 28 30 21 20 34 28 31 35 32 19 18 0 10 1 13 5 34 6 6 4 33 11
