23 28 68 33 58 68 78 25 41 99 92 62 29 45 39 55 58 66 27 16 60 35 63 42 2 59 21 93 95 25 32 37 77 64 70 21 88 10 22 80 65 72 65 11 5 87 5 51 96 14 56 2 7 88 92 82 11 48 49 67 37 81 46 21 78 19 35 27 89 24 85 82 89 49 97 69 18 4 77 21 3 58 21 21 90 27 70 98 70 20 72 47 10 73 3 99 5 0 31 37
50 28 0 58 24 34 52 89 70 97 64 96 39 52 86 73 14 35 49 57 31 94 11 30 49 52 69 92 97 25 56 7 7 69 87 70 9 19 89 60 6 22 13 60 30 32 47 13 87 4 72 80 24 92 49 44 97 18 77 20 60 95 57 43 11 39 78 56 49 80 13 8 93 29 61 3 80 78 6 53 29 6 18 98 85 55 54 87 62 78 21 64 58 99 95 51 21 23 68 92
28 91 73 89 37 27 55 69 31 31 70 71 61 80 28 59 94 32 85 4 13 89 26 70 7 24 10 69 64 96 74 26 94 8 11 13 92 58 70 76 23 37 76 57 95 39 1 57 40 21 13 82 48 41 54 83 74 51 8 30 8 61 29 8 5 36 64 1 87 71 86 76 31 27 72 34 16 77 53 88 63 72 73 16 26 57 27 97 29 82 0 68 0 90 2 23 57 55 87 22
65 98 33 31 76 93 4 95 93 26 63 99 67 40 8 9 77 21 68 83 70 50 98 85 78 81 68 32 32 60 46 29 75 29 85 3 91 35 84 93 47 81 63 69 2 90 24 34 85 46 10 64 98 20 10 47 19 23 31 28 69 61 43 49 64 88 30 46 47 47 22 86 4 36 83 43 36 21 7 9 43 86 91 57 46 66 97 2 25 2 94 1 17 0 47 28 31 77 57 39
82 88 96 46 86 92 99 43 4 82 66 42 86 13 94 62 90 9 76 58 0 98 53 18 70 13 93 23 12 29 96 96 66 40 56 41 18 11 0 87 8 48 33 40 64 1 44 37 26 2 32 3 70 7 82 72 58 12 26 93 98 72 19 6 40 85 93 28 85 42 53 2 80 27 91 30 78 35 68 73 10 72 87 49 5 21 12 61 30 9 38 61 75 60 30 75 57 8 79 4
27 50 57 77 57 33 3 33 8 25 41 14 39 58 73 23 76 68 93 72 67 78 94 6 75 28 41 37 81 61 73 99 99 8 39 99 4 81 81 76 2 3 37 62 82 96 75 97 3 87 46 46 51 29 67 42 12 67 39 18 56 79 57 58 71 41 43 93 13 96 94 75 72 54 54 97 1 69 3 34 3 10 22 37 42 57 74 98 58 25 52 30 23 41 6 86 48 93 8 25
17 18 6 14 30 14 26 93 53 87 52 56 78 49 79 35 25 66 92 39 98 44 48 91 95 44 70 34 86 5 81 28 27 87 47 92 71 48 75 11 52 45 28 43 88 89 53 32 25 64 61 99 90 53 84 20 55 53 90 23 1 34 60 38 50 32 42 44 13 57 55 11 62 85 76 19 98 83 73 44 3 26 88 84 56 91 85 60 73 5 50 53 71 59 97 30 78 57 60 88
49 5 35 16 7 43 24 40 59 99 50 79 18 26 27 22 86 14 88 25 29 58 25 73 87 72 97 17 4 46 83 41 85 66 43 22 9 60 77 82 33 2 37 82 35 25 88 52 5 3 0 42 60 82 85 18 11 34 12 19 18 75 98 32 91 1 62 78 82 78 46 13 52 0 96 20 52 26 21 9 92 69 76 16 47 27 56 54 88 52 86 57 44 90 80 24 11 50 56 10
4 75 24 79 79 26 32 6 52 90 24 7 53 74 23 66 91 56 91 18 6 56 34 14 16 40 80 93 19 97 86 49 54 95 61 4 43 65 20 33 96 76 56 60 48 90 90 36 1 29 52 13 29 80 28 56 75 87 92 31 13 16 59 12 69 67 85 87 23 35 85 16 30 54 89 81 36 71 13 14 91 35 59 30 48 3 31 88 71 43 56 87 16 56 23 39 34 86 59 0
79 45 28 14 77 96 18 63 41 40 98 93 30 76 21 16 52 9 55 49 71 43 25 20 2 33 34 4 17 38 28 56 4 96 0 58 29 17 95 4 81 46 67 62 56 61 93 4 38 35 76 51 26 96 56 34 77 42 99 40 43 68 38 67 63 1 52 0 15 77 60 91 14 23 14 81 62 59 39 37 82 21 43 67 15 60 38 81 59 22 81 25 25 67 32 45 81 48 42 87
55 21 81 29 17 61 97 7 47 82 10 37 77 82 17 70 46 46 18 96 70 15 75 46 85 12 25 5 55 54 69 70 36 97 63 14 24 84 86 78 92 7 16 27 68 82 78 16 14 93 35 89 10 38 32 42 80 83 28 57 2 61 27 33 87 37 40 21 75 66 21 82 67 83 83 57 41 20 63 41 22 78 67 70 66 91 15 61 3 55 26 78 19 83 85 66 39 74 97 3
18 14 22 69 49 59 44 83 54 45 63 54 64 20 33 77 8 37 82 26 8 35 44 18 32 94 47 61 5 47 57 39 21 61 55 17 49 60 89 17 93 0 85 23 3 79 42 60 80 0 27 22 28 43 72 91 75 61 84 42 91 87 84 48 68 36 33 22 10 47 98 67 26 74 78 70 72 6 82 20 32 45 53 24 1 92 68 22 45 21 39 60 24 16 40 44 94 20 17 10
36 14 78 81 61 2 96 37 13 53 32 15 78 41 36 5 76 4 67 43 79 11 78 56 71 11 76 31 33 16 51 27 49 50 6 83 33 14 79 30 33 66 6 98 71 34 63 52 89 17 25 91 15 74 59 65 29 37 31 3 95 28 90 18 8 56 43 88 80 99 25 75 39 73 61 50 86 31 61 31 44 70 93 28 20 90 68 37 39 29 83 20 45 19 62 1 69 57 42 68
36 97 39 27 70 11 4 29 96 63 98 56 46 46 69 34 25 27 71 53 18 17 11 10 84 48 39 42 29 42 27 16 72 5 26 97 40 37 85 13 40 96 22 3 70 40 42 29 26 93 72 0 35 0 91 66 10 31 42 48 1 99 92 82 31 59 22 71 56 15 17 49 71 31 27 77 23 0 98 64 68 55 55 18 81 38 53 20 26 94 60 7 42 30 7 10 95 45 74 96
65 45 40 39 3 98 48 26 75 0 30 60 1 31 79 30 3 25 95 75 47 11 57 76 6 77 13 80 54 49 92 66 17 24 39 90 53 35 26 17 73 24 86 38 57 29 99 39 57 52 80 85 55 40 65 45 68 23 58 50 47 58 64 51 98 92 27 27 79 20 12 70 4 51 97 34 6 38 46 45 64 45 43 83 46 82 20 58 46 29 79 67 94 54 39 72 9 50 20 92
48 65 67 66 50 67 98 54 47 91 61 93 37 62 20 26 38 12 74 70 22 92 37 88 58 67 91 88 41 11 10 49 28 67 87 91 32 9 64 14 54 86 34 85 96 39 35 53 7 39 55 21 67 60 18 51 93 49 34 62 39 65 11 98 19 25 67 81 34 11 59 34 14 75 12 87 64 3 39 99 48 55 87 53 67 51 31 92 72 72 58 89 26 64 28 24 70 36 85 83
69 49 87 26 42 34 70 52 11 19 79 33 78 61 49 16 31 17 30 59 99 28 90 43 15 51 2 62 83 86 42 47 91 3 71 94 94 18 33 75 36 21 72 52 86 8 47 82 80 39 54 29 92 52 18 47 10 48 42 71 81 27 30 33 64 40 98 37 89 31 61 23 51 77 46 75 96 26 54 64 9 51 72 36 84 42 59 88 96 59 33 84 83 34 76 62 30 18 80 39
48 44 8 17 21 19 7 90 57 64 95 91 60 13 77 97 97 90 54 30 23 62 84 49 36 47 92 89 35 10 71 31 30 78 11 70 89 70 92 12 16 63 27 47 48 21 79 36 56 2 54 25 45 35 52 73 89 31 0 25 49 48 82 75 25 51 12 74 17 61 86 43 24 14 91 97 64 35 83 51 7 5 2 87 91 16 81 31 34 15 80 6 32 9 20 99 88 28 52 14
1 70 57 50 59 45 43 10 88 66 73 72 95 90 9 49 30 45 99 82 26 18 69 47 98 61 86 43 18 73 34 40 51 13 91 16 82 54 25 90 25 16 56 18 43 19 71 46 24 66 52 22 44 63 0 40 78 26 21 37 67 89 48 10 20 46 0 12 36 13 58 44 88 23 31 86 94 41 1 38 63 7 31 0 97 95 75 76 56 92 9 63 90 80 46 55 67 33 71 31
9 56 6 73 57 51 82 92 36 63 32 31 18 26 92 62 24 42 29 42 13 36 96 62 92 86 89 17 19 63 75 79 79 92 94 85 35 89 48 16 75 97 9 80 17 49 25 68 37 13 10 41 53 27 56 68 70 58 65 98 2 36 59 65 63 28 11 10 78 88 41 97 96 7 53 42 43 12 99 61 72 13 82 10 55 8 7 24 54 42 81 70 42 14 39 75 48 81 18 80
