5 30 21 31 2 1 10 1 15 18 22 9 23 23 32 13 2 13 14 4 11 14 12 33 33 3 4 24 14 14 1 17 26 33 30 22
14 9 3 21 25 24 24 18 0 23 3 28 27 25 22 17 5 30 34 12 4 7 9 12 15 4 29 13 18 24 19 29 26 25 7 7
22 34 10 0 35 10 29 18 8 30 35 32 10 35 10 23 7 17 3 14 20 33 31 12 21 1 32 19 6 15 5 21 6 11 6 24
29 11 17 1 24 28 27 22 10 20 35 11 6 0 8 33 7 27 2 10 31 13 18 6 10 9 5 14 35 30 8 32 35 26 25 15
0 34 14 24 13 11 11 21 23 22 22 10 6 32 10 4 3 29 22 17 9 12 25 21 4 34 11 30 15 20 21 16 29 12 23 9
31 9 18 6 21 4 15 27 12 24 34 18 13 23 0 5 17 34 13 28 21 22 4 5 11 27 25 31 9 3 27 10 29 12 27 9
11 1 18 33 10 26 4 22 26 8 1 26 13 19 34 7 18 12 6 35 26 33 14 17 11 22 24 29 31 21 2 5 10 15 17 21
30 20 17 3 33 17 15 29 27 26 31 18 25 22 16 25 33 23 16 34 30 12 35 5 14 13 23 32 29 1 28 2 0 30 23 21
10 30 11 14 34 35 28 13 18 7 9 29 7 29 21 26 25 11 14 14 21 24 8 25 35 2 27 27 6 31 25 1 29 7 8 1
18 7 24 30 9 32 2 11 12 23 12 23 13 14 3 34 29 22 27 4 30 18 16 33 12 11 24 5 17 24 11 26 29 27 28 25
12 30 35 28 12 12 10 5 4 25 3 25 34 27 27 35 6 8 33 13 16 17 11 33 19 3 30 11 25 26 26 6 1 3 13 16
29 22 13 34 18 7 6 2 7 26 10 34 2 18 20 5 20 6 12 3 27 11 26 4 20 16 26 12 16 16 16 25 3 11 25 31
