8 8 23 7 26 12 0 8 2 27 10 12 2 5 11 5 4 21 4 29 10 4 3 9 28 26 4 28 10 6
22 21 28 5 0 5 17 9 10 19 13 4 15 25 14 4 6 16 23 1 11 17 9 24 23 20 21 6 10 26
8 3 27 29 7 10 11 0 23 3 29 16 7 25 6 0 15 15 17 17 6 23 13 1 22 2 20 22 20 1
11 29 17 8 20 26 22 29 17 19 18 21 21 6 25 1 21 22 27 26 23 3 4 17 7 1 16 2 5 16
2 14 22 17 29 22 19 10 19 25 2 5 8 7 8 21 15 11 0 5 28 6 22 9 14 12 14 15 7 22
26 27 7 22 26 16 29 19 28 20 18 5 22 7 19 28 16 13 26 18 11 8 17 3 12 15 29 28 20 13
12 22 4 23 4 29 4 3 11 4 18 10 26 7 20 27 19 18 10 17 25 17 5 8 1 9 5 21 12 28
16 21 16 20 21 3 21 8 13 13 0 3 19 24 16 7 28 21 13 25 26 22 12 9 10 21 29 14 19 28
18 0 20 6 27 24 22 4 3 14 6 25 3 6 2 9 18 2 14 10 22 3 9 23 21 12 0 3 7 22
5 15 14 17 12 11 18 9 21 11 9 29 4 29 20 9 18 17 8 10 27 28 29 5 19 20 19 3 22 20
6 22 21 4 8 29 22 20 23 21 17 25 15 11 5 6 22 7 28 22 14 17 0 7 9 9 5 19 7 18
2 2 6 5 4 22 4 18 12 3 22 29 1 28 3 16 19 18 29 20 16 29 29 13 16 28 10 19 20 21
