12 8 1 7 8 14 9 15 10 14 1 19 3 5 14 3 11 8 14 10
6 18 5 16 18 4 12 7 14 3 18 9 15 4 16 19 12 15 13 9
15 7 15 14 12 10 14 11 9 14 6 2 8 7 12 2 9 17 1 16
0 10 5 16 9 13 13 1 19 1 11 5 16 14 11 13 12 2 6 4
17 9 10 12 16 3 1 2 10 4 2 7 0 7 18 3 11 15 4 11
4 12 3 5 19 15 8 15 8 9 17 0 13 15 19 16 10 2 17 14
18 3 7 14 9 9 9 0 16 8 12 3 19 5 2 15 9 17 14 8
1 7 9 4 16 17 0 2 8 15 18 11 6 13 17 18 8 0 3 7
4 8 0 16 19 12 2 4 3 9 18 14 8 16 9 0 1 1 3 5
1 1 13 17 7 13 9 4 1 2 9 14 13 18 12 8 3 6 14 0
10 8 18 12 5 1 10 18 7 13 10 11 11 14 5 13 16 19 6 3
0 0 1 8 16 8 11 6 8 19 16 5 11 6 1 14 15 11 14 14
