30 23 25 22 23 15 22 13 7 6 15 1 7 5 2 22 32 19 19 30 4 10 10 6 33 17 35 25 33 34 21 15 9 31 30 12
8 7 17 30 20 33 8 16 0 23 6 33 15 5 28 16 18 32 15 21 5 7 25 11 3 19 9 2 30 34 21 2 13 2 11 25
4 32 20 4 34 28 16 6 32 16 10 22 24 15 22 22 29 13 23 9 1 23 14 24 7 25 18 33 19 12 26 30 5 7 29 18
15 33 8 23 35 2 13 20 26 5 6 30 26 15 25 27 6 33 12 6 9 33 33 8 12 17 29 0 22 18 16 9 1 31 24 25
33 26 2 28 7 13 18 18 30 32 27 24 26 14 10 32 33 7 18 31 13 30 29 35 19 7 7 18 13 0 28 16 26 5 18 31
11 28 12 27 16 1 29 5 17 25 33 4 26 31 7 35 14 20 15 13 26 19 28 30 13 25 27 11 4 15 4 0 20 18 32 11
7 14 18 28 5 35 5 29 31 17 33 0 9 18 21 17 19 1 21 3 17 33 5 20 34 3 10 3 18 7 29 22 2 16 3 27
5 1 4 8 22 2 3 14 6 34 23 29 13 24 34 26 7 22 15 12 21 8 19 25 35 15 18 4 8 0 35 8 10 15 33 30
1 0 14 19 25 26 1 18 24 32 22 31 8 0 19 31 22 14 0 20 15 19 0 12 32 7 13 3 14 33 18 15 19 16 29 25
9 18 21 4 34 4 34 32 35 14 30 26 29 0 23 1 24 16 24 14 13 3 30 18 23 19 19 33 30 31 11 35 34 33 34 22
35 30 10 28 26 20 20 17 20 15 30 6 33 32 11 4 4 8 7 2 24 8 31 21 29 8 2 11 1 32 28 12 7 5 15 4
28 29 13 14 2 4 12 32 20 0 3 3 5 9 11 18 8 1 16 16 26 3 1 25 30 17 16 1 15 3 12 11 28 21 22 32
