105 20 14 98 44 35 112 129 45 86 7 24 78 70 111 82 117 133 122 75 42 148 4 83 115 129 23 46 113 16 130 146 10 103 73 47 142 48 138 2 54 135 126 122 49 58 30 59 96 85 95 106 41 19 134 125 104 18 105 12 4 100 58 144 115 41 62 103 84 107 3 74 31 57 26 103 114 2 8 141 114 9 130 16 105 42 86 73 98 65 55 88 137 105 125 51 60 96 115 27 43 86 93 77 38 116 53 106 77 135 46 51 41 79 65 59 83 93 6 6 32 33 141 13 104 102 53 49 117 24 40 22 116 19 61 83 114 116 46 37 70 78 17 107 17 124 141 114 11 3
133 127 77 88 11 83 14 35 149 19 97 148 66 3 121 105 9 85 90 66 83 122 47 23 110 130 54 18 129 56 50 128 105 131 40 43 38 111 84 145 67 3 20 97 108 68 132 72 141 65 62 85 137 22 34 27 6 145 45 69 116 135 107 73 101 61 71 117 112 125 18 3 16 131 129 38 41 106 112 4 113 117 46 85 121 139 0 90 16 19 11 14 27 27 9 80 58 17 11 41 20 3 103 130 4 18 20 109 85 22 116 9 5 86 18 57 84 45 143 39 87 42 2 31 108 72 109 108 22 123 116 141 133 76 104 134 101 93 70 146 17 95 39 149 124 120 111 0 7 52
97 52 79 18 8 105 13 80 92 37 138 77 104 56 102 12 51 75 100 23 136 68 38 62 84 66 60 7 55 54 16 128 147 34 5 107 70 73 149 116 23 38 26 98 41 17 108 23 138 131 102 139 109 127 42 51 34 68 65 55 92 31 83 13 83 101 80 41 55 24 78 22 69 31 146 22 0 40 127 56 131 142 46 146 121 135 107 0 75 7 138 43 77 3 96 24 109 38 43 43 2 118 73 63 43 101 143 79 67 128 97 86 38 37 9 51 103 85 16 94 40 113 14 72 86 104 8 1 128 147 105 103 46 32 42 118 57 4 67 104 111 98 38 107 13 89 2 76 125 94
147 92 13 25 71 132 84 107 28 108 136 53 92 111 82 78 46 44 90 101 81 143 107 108 39 124 117 73 143 90 73 18 36 56 84 36 43 88 22 99 54 143 87 39 67 8 87 104 70 20 135 50 91 89 50 122 125 98 119 25 109 0 26 42 17 20 46 72 134 12 115 144 0 16 71 24 57 37 22 69 129 127 61 23 145 87 120 27 44 71 72 22 42 26 102 123 75 26 63 29 148 148 34 99 113 49 59 82 11 142 69 34 15 42 62 43 60 73 109 8 5 2 24 5 8 94 104 18 136 42 112 135 24 16 42 10 95 25 100 130 141 64 18 0 29 50 89 36 54 135
44 91 73 73 134 92 127 9 75 127 101 119 142 78 35 43 20 10 33 144 103 80 61 73 103 149 71 70 107 30 35 132 102 65 28 143 17 19 95 40 143 20 62 50 17 76 37 53 77 72 86 47 46 39 56 52 55 38 126 132 13 121 71 42 122 9 1 42 80 63 102 59 26 52 26 123 20 105 139 116 147 11 120 24 28 89 41 106 104 93 134 3 86 143 137 106 23 13 99 49 80 37 78 11 52 125 2 131 105 135 84 55 63 48 106 128 23 14 118 138 124 135 76 141 81 95 30 142 10 116 95 115 128 56 117 54 87 35 48 71 67 96 143 22 23 38 87 37 149 91
12 77 4 148 22 104 84 106 82 118 9 9 31 42 50 35 71 4 15 59 96 131 49 131 46 70 54 57 1 96 64 18 46 121 126 3 78 2 136 13 47 117 101 148 10 8 107 42 66 66 85 89 122 62 19 8 35 107 22 145 0 71 22 85 38 122 62 79 143 116 77 96 63 139 71 120 57 89 38 53 95 113 37 115 22 114 64 112 81 86 87 85 39 66 26 12 5 7 45 90 95 73 22 115 136 77 135 93 82 133 96 126 122 91 139 114 70 129 26 16 118 35 118 116 148 130 62 140 32 140 44 53 10 141 117 56 47 95 106 90 84 61 65 95 15 17 32 8 7 126
68 102 101 108 110 68 8 30 33 110 103 106 125 111 2 84 65 101 37 63 82 4 57 72 29 97 137 144 25 14 138 138 101 87 128 1 13 66 28 32 69 109 44 115 73 87 57 81 63 96 47 104 136 70 38 18 78 18 109 47 148 136 102 141 136 111 76 84 134 107 74 0 143 22 56 110 60 90 9 79 124 51 50 135 10 20 47 147 108 19 71 121 115 98 39 101 15 148 66 132 99 102 68 77 38 111 130 118 50 135 48 25 90 75 124 85 109 117 135 5 24 64 99 36 10 22 33 112 22 137 147 36 112 117 115 35 147 146 79 21 92 25 3 109 116 79 55 21 72 56
140 86 95 59 109 94 106 16 68 45 12 40 148 58 104 16 21 142 7 141 53 119 130 122 146 24 55 139 67 140 79 83 60 117 20 60 39 118 56 134 120 7 88 58 109 55 116 35 95 121 35 82 57 142 125 36 10 84 115 29 134 139 39 143 105 113 123 135 34 23 109 42 24 104 34 10 13 47 21 77 138 54 11 42 97 45 55 95 120 94 64 88 107 21 93 30 119 120 139 73 136 86 23 46 83 45 103 0 119 13 83 98 59 144 87 30 73 45 17 140 29 13 48 119 63 134 136 97 79 35 8 7 68 129 147 72 111 85 2 143 40 41 96 110 76 139 48 0 56 116
129 67 113 112 50 35 7 99 45 88 143 127 88 16 15 42 117 56 141 118 22 25 122 140 5 109 16 20 67 88 121 65 34 134 86 12 94 67 110 94 98 5 113 98 40 118 37 85 79 37 63 83 18 87 57 18 29 0 76 104 87 87 10 36 44 4 24 21 89 35 52 148 71 55 81 9 31 124 25 48 139 56 146 123 51 2 13 20 87 132 61 103 109 98 6 61 64 129 88 15 83 89 7 90 74 124 115 102 43 125 83 22 116 5 20 146 59 34 3 37 1 119 125 64 101 70 50 148 11 70 122 56 21 82 15 105 32 76 86 126 146 32 98 146 9 4 84 10 109 25
22 65 74 25 96 47 134 82 22 11 140 75 84 30 106 10 112 101 133 2 139 110 51 98 98 47 76 46 5 66 15 74 131 142 82 40 35 28 110 77 70 58 45 77 95 22 16 143 77 47 86 78 3 73 13 106 124 132 127 127 48 115 121 47 66 139 137 45 11 121 29 7 115 9 4 134 51 126 118 35 69 90 12 32 70 7 147 11 44 113 132 47 143 63 129 67 48 101 115 8 143 38 69 50 13 101 3 29 43 100 103 126 148 88 103 44 146 31 40 102 14 94 74 67 100 93 107 8 48 66 122 81 100 12 144 0 88 65 35 22 17 57 90 12 42 62 122 38 1 64
143 75 76 105 132 94 15 12 62 125 24 61 146 32 60 35 145 109 127 87 56 139 138 2 43 120 141 89 0 6 2 37 92 21 77 114 88 58 44 85 5 7 141 56 11 7 64 78 12 1 13 71 28 146 31 32 62 137 34 10 30 99 60 80 147 47 100 121 128 41 77 103 45 78 12 133 84 42 106 44 115 131 79 98 138 29 22 97 62 73 86 5 125 37 100 30 44 6 145 22 67 117 143 29 102 48 101 45 54 38 5 90 6 76 130 147 83 78 129 46 55 139 8 51 92 86 7 40 86 79 80 21 102 97 22 120 87 105 95 102 34 117 87 124 102 119 26 30 106 69
43 117 70 113 25 45 94 89 82 41 14 6 59 62 92 30 23 76 136 146 74 74 91 105 9 116 98 42 136 67 63 116 7 78 100 127 105 9 27 84 99 15 98 125 81 148 16 128 63 14 34 4 72 75 120 57 50 83 141 61 81 29 14 0 20 51 23 138 53 90 33 138 110 84 112 90 63 3 65 80 78 102 134 93 36 85 23 129 26 135 58 51 146 58 79 54 38 22 138 21 17 109 14 61 149 137 108 56 105 87 134 109 38 141 55 147 37 68 73 77 105 133 130 13 104 115 111 48 82 114 60 108 79 43 66 83 15 81 51 142 124 73 108 142 37 6 139 131 118 108
117 19 21 83 140 65 43 25 27 21 35 136 145 65 145 66 56 135 36 73 134 1 47 130 60 98 56 139 106 69 102 101 25 119 109 62 96 94 20 11 5 109 119 100 125 51 54 138 49 74 141 23 90 25 129 69 61 83 27 116 114 121 73 25 102 16 57 6 31 136 38 48 21 133 112 118 88 57 125 11 72 5 110 139 48 66 7 19 21 137 11 137 6 7 134 115 92 112 148 49 141 21 124 130 53 129 131 69 108 24 27 33 130 90 28 147 87 109 5 51 107 113 44 43 31 105 149 131 47 31 99 19 27 61 33 119 67 79 54 105 111 0 115 130 16 124 37 58 125 3
132 27 112 20 5 68 70 66 131 117 147 54 111 91 11 97 86 98 33 26 135 44 14 117 81 102 52 89 4 19 67 69 4 72 141 49 99 124 114 72 128 137 44 103 6 146 116 118 19 57 66 48 147 88 7 136 94 47 138 33 9 117 136 125 50 35 81 105 30 101 33 99 66 94 97 41 15 74 34 67 116 6 35 147 45 18 108 116 12 5 0 48 48 134 48 63 72 2 0 116 120 60 37 92 63 119 101 97 103 77 7 115 149 7 141 95 100 20 74 136 117 96 108 126 67 87 78 147 48 108 90 92 122 102 95 71 86 33 99 10 16 118 133 94 57 140 105 87 15 34
20 34 129 32 130 119 140 86 111 149 36 93 51 109 52 106 8 103 64 88 91 3 148 36 77 46 95 11 86 22 101 128 102 70 6 11 83 104 65 20 114 4 95 55 122 85 30 101 142 9 80 14 100 64 20 36 3 145 119 39 17 87 144 88 79 146 88 107 126 112 135 24 99 76 61 17 130 53 7 67 131 42 136 41 73 137 107 16 66 18 136 18 125 101 85 146 87 105 55 12 85 144 42 55 68 4 71 7 98 8 99 139 69 88 60 35 146 82 149 86 142 83 113 83 42 15 107 102 78 7 80 2 11 114 137 23 11 34 3 35 70 62 13 134 56 111 111 39 62 149
1 121 149 120 129 46 125 103 94 42 118 86 111 17 97 112 134 17 42 81 74 113 57 103 118 144 84 75 95 120 9 136 110 58 55 102 9 30 143 21 16 129 112 123 59 34 9 19 25 5 43 134 48 113 149 93 117 57 17 59 26 34 51 13 7 59 33 78 37 25 22 25 69 129 117 28 148 96 149 66 83 43 76 39 22 30 73 145 94 45 37 53 136 103 64 35 128 8 146 14 20 144 92 130 126 144 10 127 41 107 139 79 143 136 80 65 1 28 56 58 2 136 41 9 125 149 54 50 145 87 16 1 124 79 104 112 21 97 58 136 88 96 85 119 12 46 31 26 120 14
148 115 2 34 42 12 128 146 136 103 73 63 36 18 39 21 51 18 141 68 52 139 61 132 112 44 113 31 104 33 141 73 124 15 47 140 77 89 9 87 86 98 24 15 1 23 10 35 64 149 59 8 143 31 21 40 81 16 142 140 101 80 133 105 62 10 23 48 89 40 69 143 130 34 69 87 118 52 83 88 10 54 120 110 146 98 123 50 25 97 91 6 66 20 101 96 92 61 116 78 63 54 143 111 31 38 135 133 98 135 24 75 148 52 130 139 73 12 31 126 97 126 15 76 7 12 11 103 39 120 8 32 129 67 31 0 87 0 100 33 34 115 3 43 130 135 46 67 144 128
149 117 43 39 83 41 144 85 47 64 10 30 42 82 102 7 130 87 116 59 114 23 7 7 125 47 3 146 25 80 33 82 141 129 79 117 66 86 134 7 49 48 95 5 144 136 127 47 5 1 134 88 117 91 86 67 124 72 126 0 60 148 114 131 1 78 38 147 6 77 114 130 148 65 134 65 12 46 39 48 146 82 13 9 26 41 97 130 76 34 101 107 39 107 123 60 145 118 101 131 111 56 130 55 99 21 107 1 84 79 14 3 106 85 105 90 11 27 62 115 130 83 149 69 54 132 128 134 108 101 62 70 131 91 74 56 25 98 143 87 17 93 149 84 145 16 51 6 34 144
79 33 83 93 39 86 82 142 63 42 106 57 107 12 17 95 134 16 84 40 12 84 110 123 71 145 62 123 129 43 37 148 145 24 2 12 122 137 46 67 71 79 73 74 21 118 73 111 84 62 53 7 72 9 145 106 125 141 110 114 13 49 130 11 102 107 141 52 37 120 114 99 104 47 115 2 4 63 21 100 50 97 107 140 68 3 122 134 60 10 127 144 100 63 43 75 61 111 44 43 17 93 79 123 73 80 61 81 56 138 86 113 136 136 53 8 128 46 31 106 131 87 60 34 127 91 86 37 117 70 14 148 61 117 56 140 29 109 109 40 125 136 72 0 135 37 128 11 34 148
131 82 62 10 6 109 44 4 119 60 77 142 128 143 24 90 74 87 131 10 9 88 52 146 141 102 73 13 64 71 119 34 93 106 112 8 37 102 60 69 12 94 133 111 26 137 49 70 117 120 18 42 108 107 14 97 149 143 34 25 45 109 147 78 135 100 16 83 40 77 27 86 2 123 62 55 53 137 6 54 149 18 2 39 102 8 142 16 124 4 92 133 134 9 141 41 124 34 53 5 22 56 15 86 69 61 59 32 130 23 15 146 73 61 105 51 105 51 65 121 28 27 137 95 55 3 74 53 118 149 148 121 5 1 55 67 59 128 127 24 73 16 26 15 130 88 69 63 85 145
65 120 33 89 121 32 121 120 86 102 68 44 80 53 55 148 49 88 10 52 134 6 93 89 34 33 119 12 78 59 51 42 136 40 56 143 145 105 30 7 109 77 128 65 2 12 28 118 85 145 63 64 118 68 45 3 106 117 66 11 136 62 108 68 52 116 72 113 132 6 110 131 14 11 36 24 138 99 104 79 39 139 25 145 143 133 119 78 52 52 74 143 60 143 118 130 75 64 80 128 36 111 6 101 116 60 70 132 2 139 67 92 54 144 141 132 61 23 141 119 42 142 50 60 82 104 86 127 80 50 26 99 17 93 133 8 111 69 68 71 110 69 3 4 111 97 49 3 101 119
115 52 76 109 55 119 61 96 16 94 113 45 125 69 137 62 42 51 119 70 88 27 128 32 27 63 75 85 77 39 49 0 15 17 17 145 21 70 101 72 132 73 139 44 4 49 138 33 65 127 107 42 99 78 126 2 12 146 66 40 105 77 87 129 23 80 4 110 74 40 68 30 5 32 0 97 122 80 79 23 11 71 23 89 62 75 6 22 29 72 54 73 63 104 17 73 146 144 142 133 144 134 133 61 22 80 92 93 12 66 40 18 139 149 80 9 94 136 8 22 132 18 18 65 8 67 67 146 23 139 110 80 127 13 96 2 38 75 35 105 30 118 1 70 128 127 98 118 115 32
6 7 14 86 16 108 34 10 25 102 74 4 122 1 116 63 44 30 39 4 72 12 81 98 92 131 57 108 85 52 118 125 109 13 0 2 27 42 25 4 108 21 116 97 65 71 75 67 50 69 25 59 110 31 138 141 97 8 102 74 2 83 40 79 30 66 60 124 18 90 105 145 128 86 94 132 137 37 8 117 99 95 135 116 105 137 20 97 118 94 60 94 27 81 53 111 97 44 133 58 18 35 80 56 14 74 113 117 136 129 67 137 140 22 38 1 32 49 20 5 9 12 133 101 54 93 15 113 101 53 17 147 88 127 65 140 33 96 44 6 54 140 38 17 141 147 54 12 82 148
81 120 63 48 9 104 79 97 94 105 16 128 36 79 106 16 146 78 71 12 148 69 89 73 77 25 56 118 130 3 141 10 148 15 58 81 60 106 123 64 84 109 100 70 19 44 2 97 140 86 56 99 88 140 80 42 79 109 27 41 129 103 64 137 43 112 4 31 70 149 96 0 84 12 101 122 111 72 129 29 117 70 27 74 34 64 107 39 25 72 124 140 97 53 131 2 35 5 45 10 18 25 85 135 82 57 7 84 83 42 59 80 111 52 55 31 23 13 65 100 18 149 111 128 146 25 84 39 69 143 118 122 84 128 120 33 118 114 107 44 3 36 13 63 121 130 113 31 61 38
132 122 44 72 12 46 102 118 84 145 126 96 9 94 125 65 41 7 9 133 139 127 107 134 138 2 40 141 74 70 97 66 141 21 107 115 48 123 3 60 92 32 30 102 82 53 136 22 130 88 104 35 70 82 30 41 122 66 85 137 9 83 136 66 113 39 78 55 112 53 22 34 116 82 99 63 36 92 61 113 47 52 6 21 23 53 100 49 95 22 102 56 145 143 104 45 79 34 54 9 110 104 62 51 99 22 108 141 114 34 40 135 134 70 128 80 104 139 134 138 72 143 135 34 140 125 25 4 61 44 15 77 73 26 86 94 134 96 128 54 81 70 39 68 73 70 4 57 89 98
125 37 147 84 94 72 4 99 52 103 1 126 84 48 41 59 81 133 1 32 136 5 116 24 74 70 23 45 125 0 77 41 58 136 129 79 85 80 93 106 85 46 17 56 63 11 50 48 10 16 123 97 74 36 135 21 41 15 50 96 26 9 5 27 64 106 25 128 34 141 108 123 50 24 37 130 96 6 20 116 37 129 145 45 31 65 56 130 82 137 97 114 144 71 110 117 39 97 31 12 97 140 72 125 111 79 17 21 77 133 125 81 126 134 84 10 11 109 148 134 7 102 136 12 21 23 62 111 104 72 45 78 115 41 132 18 32 95 75 144 121 26 109 12 50 28 53 57 15 143
145 10 12 125 100 75 30 78 52 17 57 65 98 95 15 90 108 138 100 139 136 40 136 19 76 119 54 130 77 33 130 84 91 37 77 97 30 132 69 90 104 41 27 54 1 9 5 18 143 125 49 103 37 8 98 104 37 136 102 77 116 25 79 32 118 131 104 48 146 40 138 129 30 67 149 13 67 37 2 36 115 96 85 128 99 3 7 62 148 67 129 95 57 141 119 53 116 65 49 128 82 110 64 22 36 54 69 72 73 91 125 70 95 102 127 38 52 65 101 130 20 86 74 37 140 16 49 95 17 109 117 132 121 39 34 36 131 60 79 87 49 23 81 8 128 130 26 124 121 149
99 50 96 104 60 27 41 46 43 75 139 141 134 12 54 67 68 95 110 119 40 67 118 94 144 21 41 116 93 105 35 84 81 44 103 114 135 100 122 101 125 36 112 141 31 93 94 115 112 145 87 128 132 108 89 129 79 94 115 56 27 61 43 30 23 27 93 35 51 33 49 10 138 52 9 75 1 37 99 147 77 43 13 5 54 69 13 109 41 38 22 75 117 66 141 54 141 131 75 20 142 97 123 5 98 24 29 127 76 91 7 43 31 81 96 56 80 130 124 138 12 19 76 58 71 38 145 47 112 106 29 148 101 119 97 25 127 130 50 0 25 118 4 127 19 106 39 37 115 43
